gParamStruct.muscle_atten = [1.00000E-03  3.719E+03  3.709E+03 
1.03542E-03  3.393E+03  3.383E+03 
1.07210E-03  3.094E+03  3.085E+03 
1.50000E-03  1.251E+03  1.247E+03 
2.00000E-03  5.594E+02  5.574E+02 
2.14550E-03  4.581E+02  4.564E+02 
2.30297E-03  3.776E+02  3.762E+02 
2.47200E-03  3.085E+02  3.069E+02 
2.64140E-03  2.597E+02  2.579E+02 
2.82240E-03  2.145E+02  2.130E+02 
3.00000E-03  1.812E+02  1.796E+02 
3.60740E-03  1.057E+02  1.046E+02 
4.00000E-03  8.127E+01  7.992E+01 
5.00000E-03  4.206E+01  4.116E+01 
6.00000E-03  2.446E+01  2.377E+01 
8.00000E-03  1.037E+01  9.888E+00 
1.00000E-02  5.356E+00  4.964E+00 
1.50000E-02  1.693E+00  1.396E+00 
2.00000E-02  8.205E-01  5.638E-01 
3.00000E-02  3.783E-01  1.610E-01 
4.00000E-02  2.685E-01  7.192E-02 
5.00000E-02  2.262E-01  4.349E-02 
6.00000E-02  2.048E-01  3.258E-02 
8.00000E-02  1.823E-01  2.615E-02 
1.00000E-01  1.693E-01  2.544E-02 
1.50000E-01  1.492E-01  2.745E-02 
2.00000E-01  1.358E-01  2.942E-02 
3.00000E-01  1.176E-01  3.164E-02 
4.00000E-01  1.052E-01  3.249E-02 
5.00000E-01  9.598E-02  3.269E-02 
6.00000E-01  8.874E-02  3.254E-02 
8.00000E-01  7.793E-02  3.177E-02 
1.00000E+00  7.007E-02  3.074E-02 
1.25000E+00  6.265E-02  2.938E-02 
1.50000E+00  5.701E-02  2.808E-02 
2.00000E+00  4.896E-02  2.584E-02 
3.00000E+00  3.931E-02  2.259E-02 
4.00000E+00  3.369E-02  2.045E-02 
5.00000E+00  3.000E-02  1.895E-02 
6.00000E+00  2.741E-02  1.786E-02 
8.00000E+00  2.401E-02  1.639E-02 
1.00000E+01  2.192E-02  1.547E-02 
1.50000E+01  1.915E-02  1.421E-02 
2.00000E+01  1.786E-02  1.361E-02 ];


gParamStruct.blood_atten = [1.00000E-03  3.806E+03  3.795E+03 
1.03542E-03  3.473E+03  3.462E+03 
1.07210E-03  3.167E+03  3.158E+03 
1.50000E-03  1.282E+03  1.278E+03 
2.00000E-03  5.737E+02  5.718E+02 
2.14550E-03  4.700E+02  4.682E+02 
2.30297E-03  3.858E+02  3.841E+02 
2.47200E-03  3.149E+02  3.134E+02 
2.64140E-03  2.633E+02  2.618E+02 
2.82240E-03  2.175E+02  2.161E+02 
3.00000E-03  1.862E+02  1.846E+02 
3.60740E-03  1.088E+02  1.076E+02 
4.00000E-03  8.187E+01  8.066E+01 
5.00000E-03  4.232E+01  4.147E+01 
6.00000E-03  2.458E+01  2.393E+01 
7.11200E-03  1.479E+01  1.425E+01 
8.00000E-03  1.068E+01  1.013E+01 
1.00000E-02  5.519E+00  5.096E+00 
1.50000E-02  1.744E+00  1.440E+00 
2.00000E-02  8.428E-01  5.831E-01 
3.00000E-02  3.852E-01  1.669E-01 
4.00000E-02  2.715E-01  7.443E-02 
5.00000E-02  2.278E-01  4.477E-02 
6.00000E-02  2.057E-01  3.332E-02 
8.00000E-02  1.827E-01  2.645E-02 
1.00000E-01  1.695E-01  2.559E-02 
1.50000E-01  1.492E-01  2.749E-02 
2.00000E-01  1.358E-01  2.944E-02 
3.00000E-01  1.176E-01  3.164E-02 
4.00000E-01  1.052E-01  3.249E-02 
5.00000E-01  9.598E-02  3.269E-02 
6.00000E-01  8.874E-02  3.254E-02 
8.00000E-01  7.793E-02  3.177E-02 
1.00000E+00  7.007E-02  3.074E-02 
1.25000E+00  6.265E-02  2.938E-02 
1.50000E+00  5.701E-02  2.807E-02 
2.00000E+00  4.896E-02  2.584E-02 
3.00000E+00  3.932E-02  2.260E-02 
4.00000E+00  3.371E-02  2.046E-02 
5.00000E+00  3.002E-02  1.897E-02 
6.00000E+00  2.743E-02  1.788E-02 
8.00000E+00  2.405E-02  1.642E-02 
1.00000E+01  2.196E-02  1.550E-02 
1.50000E+01  1.920E-02  1.425E-02 
2.00000E+01  1.793E-02  1.366E-02 ];

gParamStruct.water_atten = [1.00000E-03  4.078E+03  4.065E+03 
1.50000E-03  1.376E+03  1.372E+03 
2.00000E-03  6.173E+02  6.152E+02 
3.00000E-03  1.929E+02  1.917E+02 
4.00000E-03  8.278E+01  8.191E+01 
5.00000E-03  4.258E+01  4.188E+01 
6.00000E-03  2.464E+01  2.405E+01 
8.00000E-03  1.037E+01  9.915E+00 
1.00000E-02  5.329E+00  4.944E+00 
1.50000E-02  1.673E+00  1.374E+00 
2.00000E-02  8.096E-01  5.503E-01 
3.00000E-02  3.756E-01  1.557E-01 
4.00000E-02  2.683E-01  6.947E-02 
5.00000E-02  2.269E-01  4.223E-02 
6.00000E-02  2.059E-01  3.190E-02 
8.00000E-02  1.837E-01  2.597E-02 
1.00000E-01  1.707E-01  2.546E-02 
1.50000E-01  1.505E-01  2.764E-02 
2.00000E-01  1.370E-01  2.967E-02 
3.00000E-01  1.186E-01  3.192E-02 
4.00000E-01  1.061E-01  3.279E-02 
5.00000E-01  9.687E-02  3.299E-02 
6.00000E-01  8.956E-02  3.284E-02 
8.00000E-01  7.865E-02  3.206E-02 
1.00000E+00  7.072E-02  3.103E-02 
1.25000E+00  6.323E-02  2.965E-02 
1.50000E+00  5.754E-02  2.833E-02 
2.00000E+00  4.942E-02  2.608E-02 
3.00000E+00  3.969E-02  2.281E-02 
4.00000E+00  3.403E-02  2.066E-02 
5.00000E+00  3.031E-02  1.915E-02 
6.00000E+00  2.770E-02  1.806E-02 
8.00000E+00  2.429E-02  1.658E-02 
1.00000E+01  2.219E-02  1.566E-02 
1.50000E+01  1.941E-02  1.441E-02 
2.00000E+01  1.813E-02  1.382E-02 ];

gParamStruct.bone_atten = [ 1.00000E-03  3.781E+03  3.772E+03 
       1.07210E-03  3.150E+03  3.143E+03 
       1.18283E-03  2.434E+03  2.429E+03 
       1.30500E-03  1.873E+03  1.869E+03 
       1.50000E-03  1.295E+03  1.291E+03 
       2.00000E-03  5.869E+02  5.846E+02 
       2.14550E-03  4.824E+02  4.803E+02 
       2.30297E-03  5.916E+02  5.789E+02 
       2.47200E-03  4.907E+02  4.805E+02 
       3.00000E-03  2.958E+02  2.897E+02 
       4.03810E-03  3.332E+02  3.006E+02 
       5.00000E-03  1.917E+02  1.757E+02 
       6.00000E-03  1.171E+02  1.085E+02 
       8.00000E-03  5.323E+01  4.987E+01 
       1.00000E-02  2.851E+01  2.680E+01 
       1.50000E-02  9.032E+00  8.388E+00 
       2.00000E-02  4.001E+00  3.601E+00 
       3.00000E-02  1.331E+00  1.070E+00 
       4.00000E-02  6.655E-01  4.507E-01 
       5.00000E-02  4.242E-01  2.336E-01 
       6.00000E-02  3.148E-01  1.400E-01 
       8.00000E-02  2.229E-01  6.896E-02 
       1.00000E-01  1.855E-01  4.585E-02 
       1.50000E-01  1.480E-01  3.183E-02 
       2.00000E-01  1.309E-01  3.003E-02 
       3.00000E-01  1.113E-01  3.032E-02 
       4.00000E-01  9.908E-02  3.069E-02 
       5.00000E-01  9.022E-02  3.073E-02 
       6.00000E-01  8.332E-02  3.052E-02 
       8.00000E-01  7.308E-02  2.973E-02 
       1.00000E+00  6.566E-02  2.875E-02 
       1.25000E+00  5.871E-02  2.745E-02 
       1.50000E+00  5.346E-02  2.623E-02 
       2.00000E+00  4.607E-02  2.421E-02 
       3.00000E+00  3.745E-02  2.145E-02 
       4.00000E+00  3.257E-02  1.975E-02 
       5.00000E+00  2.946E-02  1.864E-02 
       6.00000E+00  2.734E-02  1.788E-02 
       8.00000E+00  2.467E-02  1.695E-02 
       1.00000E+01  2.314E-02  1.644E-02 
       1.50000E+01  2.132E-02  1.587E-02 
       2.00000E+01  2.068E-02  1.568E-02 ];
   
gParamStruct.iodine_atten = [1.00000E-03  9.096E+03  9.078E+03 
1.03542E-03  8.465E+03  8.448E+03 
1.07210E-03  7.863E+03  7.847E+03 
1.50000E-03  3.919E+03  3.908E+03 
2.00000E-03  1.997E+03  1.988E+03 
3.00000E-03  7.420E+02  7.351E+02 
4.00000E-03  3.607E+02  3.548E+02 
4.55710E-03  2.592E+02  2.537E+02 
4.70229E-03  7.123E+02  6.724E+02 
4.85210E-03  6.636E+02  6.270E+02 
5.00000E-03  8.430E+02  7.903E+02 
5.18810E-03  7.665E+02  7.198E+02 
6.00000E-03  6.173E+02  5.822E+02 
8.00000E-03  2.922E+02  2.777E+02 
1.00000E-02  1.626E+02  1.548E+02 
1.50000E-02  5.512E+01  5.208E+01 
2.00000E-02  2.543E+01  2.363E+01 
3.00000E-02  8.561E+00  7.622E+00 
3.31694E-02  6.553E+00  5.744E+00 
4.00000E-02  2.210E+01  9.616E+00 
5.00000E-02  1.232E+01  6.573E+00 
6.00000E-02  7.579E+00  4.518E+00 
8.00000E-02  3.510E+00  2.331E+00 
1.00000E-01  1.942E+00  1.342E+00 
1.50000E-01  6.978E-01  4.742E-01 
2.00000E-01  3.663E-01  2.295E-01 
3.00000E-01  1.771E-01  9.257E-02 
4.00000E-01  1.217E-01  5.650E-02 
5.00000E-01  9.701E-02  4.267E-02 
6.00000E-01  8.313E-02  3.598E-02 
8.00000E-01  6.749E-02  2.962E-02 
1.00000E+00  5.841E-02  2.646E-02 
1.25000E+00  5.111E-02  2.399E-02 
1.50000E+00  4.647E-02  2.243E-02 
2.00000E+00  4.124E-02  2.092E-02 
3.00000E+00  3.716E-02  2.059E-02 
4.00000E+00  3.607E-02  2.142E-02 
5.00000E+00  3.608E-02  2.250E-02 
6.00000E+00  3.655E-02  2.357E-02 
8.00000E+00  3.815E-02  2.553E-02 
1.00000E+01  4.002E-02  2.714E-02 
1.50000E+01  4.455E-02  2.980E-02 
2.00000E+01  4.823E-02  3.101E-02 ];

